	33.148193359375	33.9813232421875	77.3529052734375
	21.2921142578125	82.2906494140625	25.8697509765625
	50.32958984375	56.634521484375	12.87841796875
	26.0467529296875	68.719482421875	60.5224609375
	76.580810546875	51.2176513671875	17.2210693359375
	24.4171142578125	12.3565673828125	94.525146484375
	36.376953125	16.7816162109375	94.5465087890625
	1.1322021484375	51.171875	32.80029296875
	72.5006103515625	10.1409912109375	45.49560546875
	89.1021728515625	75.8270263671875	13.3544921875
	6.6314697265625	62.2955322265625	79.5867919921875
	52.5482177734375	76.11083984375	77.264404296875
	10.7513427734375	91.986083984375	75.628662109375
	75.4119873046875	75.6256103515625	71.17919921875
	17.6513671875	39.263916015625	44.403076171875
	93.621826171875	78.369140625	97.955322265625
	54.5623779296875	78.06396484375	59.393310546875
	14.5416259765625	37.7593994140625	93.8568115234375
	23.0865478515625	68.56689453125	5.413818359375
	6.5948486328125	23.0987548828125	97.76611328125
	98.2666015625	82.196044921875	47.2900390625
	33.0322265625	32.8582763671875	66.668701171875
	50.8697509765625	34.8907470703125	42.4285888671875
	82.5531005859375	99.310302734375	11.6180419921875
	15.045166015625	49.468994140625	64.75830078125
	55.1544189453125	49.3499755859375	98.114013671875
	25.28076171875	70.81298828125	60.888671875
	37.36572265625	37.6953125	87.7960205078125
	13.0859375	73.8677978515625	41.2994384765625
	60.5194091796875	75.7568359375	48.9990234375
	9.4512939453125	26.3824462890625	14.2822265625
	83.8775634765625	77.11181640625	35.6292724609375
	62.554931640625	72.9461669921875	22.503662109375
	18.8751220703125	82.867431640625	16.876220703125
	30.987548828125	7.9803466796875	65.83251953125
	35.2935791015625	19.2901611328125	75.8514404296875
	73.443603515625	50.0762939453125	48.223876953125
	10.8154296875	78.4576416015625	79.72412109375
	1.9775390625	91.2017822265625	3.1707763671875
	35.5194091796875	62.17041015625	75.7232666015625
	10.7391357421875	60.076904296875	54.7271728515625
	75.32958984375	52.16064453125	98.8800048828125
	97.747802734375	22.100830078125	22.0611572265625
	45.452880859375	28.4637451171875	0.8636474609375
	26.3671875	50.811767578125	37.445068359375
	59.1033935546875	15.0421142578125	37.7685546875
	88.1317138671875	60.845947265625	82.9742431640625
	10.7696533203125	49.8565673828125	0.091552734375
	92.1630859375	1.8463134765625	22.47314453125
	39.4500732421875	18.29833984375	43.3349609375
	80.6884765625	89.5965576171875	74.91455078125
	7.9833984375	16.2811279296875	95.17822265625
	18.1640625	7.049560546875	6.268310546875
	42.7703857421875	85.4278564453125	87.0452880859375
	85.1776123046875	56.561279296875	70.7977294921875
	15.7379150390625	49.5697021484375	97.3297119140625
	90.625	98.0316162109375	72.869873046875
	30.37109375	42.22412109375	12.3443603515625
	58.72802734375	78.01513671875	8.8592529296875
	8.1512451171875	10.9222412109375	22.3114013671875
	14.1571044921875	55.2490234375	48.046875
	73.54736328125	79.0496826171875	85.4156494140625
	41.009521484375	70.2239990234375	84.3841552734375
	17.0989990234375	1.52587890625	26.0772705078125
	92.3248291015625	3.704833984375	99.7039794921875
	89.80712890625	29.6630859375	96.1517333984375
	38.8671875	33.135986328125	86.163330078125
	60.3424072265625	65.7196044921875	32.7972412109375
	31.1004638671875	40.081787109375	43.994140625
	62.0941162109375	1.0345458984375	6.1859130859375
	69.6929931640625	57.6812744140625	62.060546875
	82.318115234375	56.06689453125	77.11181640625
	99.542236328125	88.201904296875	66.436767578125
	12.8997802734375	38.5467529296875	90.8721923828125
	22.998046875	78.5888671875	48.0560302734375
	4.5318603515625	69.720458984375	32.55615234375
	32.086181640625	29.67529296875	17.4713134765625
	55.1239013671875	60.8612060546875	72.088623046875
	49.5147705078125	44.6075439453125	45.1324462890625
	32.3822021484375	15.4510498046875	47.96142578125
	6.79931640625	6.6192626953125	91.778564453125
	91.5771484375	48.9471435546875	88.726806640625
	37.19482421875	27.9510498046875	78.4027099609375
	15.289306640625	20.71533203125	63.7542724609375
	83.990478515625	43.3349609375	50.7904052734375
	84.99755859375	23.5382080078125	1.7669677734375
	83.53271484375	44.891357421875	22.8240966796875
	7.0526123046875	38.1439208984375	30.010986328125
	39.5477294921875	83.7860107421875	97.71728515625
	70.42236328125	95.4803466796875	80.7769775390625
	23.5107421875	9.368896484375	29.888916015625
	23.2421875	60.8001708984375	98.1536865234375
	77.3773193359375	91.790771484375	64.5050048828125
	31.8511962890625	23.27880859375	68.756103515625
	22.6165771484375	91.4642333984375	39.6881103515625
	42.5750732421875	5.62744140625	8.1207275390625
	55.322265625	10.760498046875	20.0714111328125
	15.020751953125	62.2467041015625	72.15576171875
	94.2657470703125	2.6519775390625	12.677001953125
	49.072265625	74.4171142578125	42.9779052734375
	8.9263916015625	29.9163818359375	59.2132568359375
	98.193359375	39.6636962890625	72.9766845703125
	50.9979248046875	79.6722412109375	65.5426025390625
	61.9354248046875	51.690673828125	72.7264404296875
	7.4310302734375	53.802490234375	81.5399169921875
	92.8314208984375	40.234375	9.8114013671875
	48.86474609375	88.9007568359375	45.5810546875
	49.993896484375	48.895263671875	59.27734375
	26.3580322265625	21.98486328125	19.8455810546875
	96.0174560546875	36.3250732421875	24.70703125
	34.3231201171875	23.138427734375	27.8778076171875
	77.581787109375	54.2236328125	44.44580078125
	71.10595703125	75.8636474609375	27.2430419921875
	66.5313720703125	47.2564697265625	22.7294921875
	53.076171875	12.6068115234375	69.7509765625
	78.7506103515625	97.5128173828125	92.779541015625
	35.8489990234375	19.3817138671875	82.476806640625
	46.4080810546875	62.1124267578125	41.0797119140625
	30.181884765625	22.1221923828125	6.7840576171875
	6.6619873046875	89.520263671875	11.2030029296875
	32.1990966796875	70.5810546875	22.772216796875
	99.8931884765625	10.3668212890625	74.676513671875
	80.8349609375	56.2530517578125	24.8291015625
	55.0750732421875	45.025634765625	17.2515869140625
	71.9573974609375	50.8514404296875	63.604736328125
	91.656494140625	14.7613525390625	55.0506591796875
	61.1785888671875	44.366455078125	92.376708984375
	98.7548828125	49.066162109375	77.8289794921875
	38.3392333984375	8.740234375	14.739990234375
	76.1322021484375	10.7757568359375	29.43115234375
	18.5455322265625	27.4383544921875	87.628173828125
	49.7039794921875	75.726318359375	90.3564453125
	30.047607421875	25.225830078125	51.9622802734375
	19.8699951171875	67.0684814453125	36.9049072265625
	50.4638671875	18.4783935546875	4.7088623046875
	76.11083984375	18.84765625	28.16162109375
	12.59765625	97.2808837890625	53.82080078125
	28.765869140625	91.2841796875	28.5186767578125
	31.8603515625	58.48388671875	73.3062744140625
	80.841064453125	43.994140625	22.0184326171875
	61.2091064453125	46.66748046875	62.80517578125
	2.069091796875	55.56640625	28.216552734375
	19.775390625	39.7674560546875	76.20849609375
	86.3861083984375	21.1395263671875	99.6734619140625
	29.6844482421875	50.76904296875	80.3009033203125
	84.9853515625	26.1962890625	81.4453125
	95.001220703125	18.536376953125	99.0325927734375
	23.1414794921875	47.3297119140625	55.2825927734375
	29.669189453125	42.3919677734375	54.7149658203125
	41.8182373046875	31.689453125	88.3544921875
	50.006103515625	88.616943359375	96.58203125
	67.864990234375	18.8079833984375	70.56884765625
	54.5928955078125	75.3814697265625	72.1282958984375
	21.490478515625	53.7506103515625	68.4326171875
	82.537841796875	38.1744384765625	10.162353515625
	29.21142578125	61.907958984375	59.661865234375
	32.7392578125	2.9144287109375	8.8897705078125
	37.310791015625	75.45166015625	53.45458984375
	4.23583984375	61.3372802734375	20.25146484375
	27.215576171875	82.1044921875	59.393310546875
	43.78662109375	65.3961181640625	55.45654296875
	32.879638671875	71.0235595703125	55.6488037109375
	23.6907958984375	46.5362548828125	68.90869140625
	63.5833740234375	40.625	37.0147705078125
	83.209228515625	34.771728515625	70.9442138671875
	55.999755859375	71.6094970703125	7.904052734375
	13.275146484375	13.531494140625	36.2701416015625
	29.69970703125	17.95654296875	37.152099609375
	8.87451171875	12.1734619140625	77.685546875
	12.4847412109375	91.375732421875	22.9522705078125
	19.1314697265625	20.9075927734375	5.5206298828125
	49.1912841796875	73.64501953125	39.892578125
	54.28466796875	25.762939453125	55.2093505859375
	21.6949462890625	48.3489990234375	68.3349609375
	23.7213134765625	15.9576416015625	0.738525390625
	1.9287109375	61.7767333984375	51.904296875
	42.7642822265625	25.640869140625	43.0206298828125
	45.7427978515625	64.35546875	4.11376953125
	20.2728271484375	48.84033203125	31.939697265625
	26.3702392578125	11.4532470703125	2.4017333984375
	87.01171875	22.69287109375	11.5264892578125
	14.17236328125	78.4393310546875	80.096435546875
	8.50830078125	22.8668212890625	31.7413330078125
	47.0855712890625	31.75048828125	65.8935546875
	8.36181640625	68.2769775390625	10.5133056640625
	16.05224609375	58.1268310546875	39.5599365234375
	71.0693359375	2.77099609375	17.9901123046875
	24.3377685546875	50.390625	83.563232421875
	60.1837158203125	21.588134765625	54.5379638671875
	81.292724609375	42.919921875	26.2481689453125
	39.94140625	52.89306640625	66.7510986328125
	72.6593017578125	45.6390380859375	5.1361083984375
	89.7125244140625	1.5960693359375	54.60205078125
	23.13232421875	4.39453125	41.6046142578125
	12.31689453125	27.1087646484375	30.029296875
	45.172119140625	80.7037353515625	23.1658935546875
	22.7752685546875	70.440673828125	55.4931640625
	63.5986328125	57.26318359375	49.041748046875
	25.250244140625	82.38525390625	82.5653076171875
	30.6854248046875	0.067138671875	21.5423583984375
	5.70068359375	45.1324462890625	88.17138671875
	13.87939453125	5.816650390625	72.1832275390625
	48.4466552734375	37.8631591796875	32.1441650390625
	60.296630859375	97.100830078125	10.14404296875
	88.8671875	84.4482421875	96.551513671875
	31.43310546875	60.0555419921875	83.905029296875
	4.6356201171875	51.2908935546875	77.7191162109375
	70.477294921875	12.3382568359375	67.5201416015625
	86.2030029296875	47.9217529296875	48.0926513671875
	25.7354736328125	5.9417724609375	33.087158203125
	76.8157958984375	34.7503662109375	49.8016357421875
	19.47021484375	71.7926025390625	63.41552734375
	95.0531005859375	73.7396240234375	87.5518798828125
	34.5458984375	64.1510009765625	5.926513671875
	11.81640625	81.4910888671875	17.413330078125
	3.863525390625	24.7039794921875	83.09326171875
	10.7666015625	72.491455078125	43.267822265625
	42.535400390625	21.6156005859375	68.6981201171875
	79.5166015625	25.7904052734375	96.0418701171875
	72.2686767578125	90.0360107421875	25.25634765625
	20.379638671875	83.60595703125	45.3460693359375
	64.1998291015625	70.3643798828125	88.836669921875
	97.08251953125	7.6812744140625	40.93017578125
	82.91015625	71.185302734375	95.501708984375
	9.783935546875	91.34521484375	65.179443359375
	62.87841796875	37.908935546875	81.219482421875
	77.6641845703125	64.4378662109375	60.11962890625
	2.069091796875	48.187255859375	67.144775390625
	68.7469482421875	47.25341796875	35.5682373046875
	27.7923583984375	43.6370849609375	76.50146484375
	12.8265380859375	20.7183837890625	31.561279296875
	90.1763916015625	6.8603515625	31.3079833984375
	28.155517578125	95.9381103515625	60.9375
	80.975341796875	65.5426025390625	58.4197998046875
	48.1964111328125	99.169921875	58.7127685546875
	72.5311279296875	14.239501953125	8.1390380859375
	13.85498046875	51.0162353515625	76.9378662109375
	35.943603515625	51.69677734375	66.8975830078125
	61.60888671875	23.4771728515625	49.0203857421875
	41.424560546875	99.658203125	41.0247802734375
	51.47705078125	18.1671142578125	68.8323974609375
	80.0140380859375	60.8001708984375	13.85498046875
	3.1768798828125	35.60791015625	49.566650390625
	86.590576171875	50.8819580078125	45.721435546875
	6.6070556640625	12.103271484375	8.0657958984375
	2.1240234375	66.241455078125	8.59375
	6.683349609375	99.23095703125	24.37744140625
	0.872802734375	84.6588134765625	36.2030029296875
	94.696044921875	64.3646240234375	16.363525390625
	38.0279541015625	7.965087890625	39.61181640625
	31.57958984375	11.1236572265625	7.672119140625
	57.9345703125	1.0406494140625	99.169921875
	45.0408935546875	68.829345703125	16.7449951171875
	54.7607421875	26.611328125	9.75341796875
	45.068359375	92.4774169921875	17.474365234375
	8.9263916015625	80.8929443359375	39.0533447265625
	53.2867431640625	61.761474609375	80.8135986328125
	46.2371826171875	64.2242431640625	71.539306640625
	3.5888671875	81.94580078125	63.946533203125
	94.9859619140625	35.9222412109375	65.4083251953125
	6.7413330078125	83.3465576171875	31.744384765625
	61.8377685546875	65.9576416015625	59.5947265625
	43.0755615234375	2.3284912109375	36.8408203125
	22.406005859375	70.6329345703125	44.5526123046875
	16.9342041015625	17.49267578125	12.26806640625
	39.9169921875	67.108154296875	66.986083984375
	37.4053955078125	22.7783203125	6.3995361328125
	97.393798828125	65.56396484375	87.36572265625
	43.7774658203125	56.8878173828125	77.1087646484375
	68.017578125	99.908447265625	62.3992919921875
	34.36279296875	88.3575439453125	22.13134765625
	67.279052734375	41.192626953125	95.0531005859375
	45.69091796875	90.069580078125	19.17724609375
	41.7633056640625	4.39453125	95.0225830078125
	28.5369873046875	38.897705078125	43.8018798828125
	65.0177001953125	11.8804931640625	34.8419189453125
	40.106201171875	57.489013671875	88.9556884765625
	44.2352294921875	77.752685546875	83.97216796875
	80.4840087890625	88.9495849609375	89.031982421875
	3.912353515625	89.227294921875	67.388916015625
	8.65478515625	73.3642578125	16.4031982421875
	17.7398681640625	46.5423583984375	39.190673828125
	41.58935546875	90.771484375	31.8634033203125
	19.4000244140625	44.2169189453125	97.86376953125
	31.5093994140625	60.235595703125	94.7784423828125
	49.8260498046875	96.10595703125	10.6475830078125
	93.93310546875	52.178955078125	36.688232421875
	4.78515625	87.5244140625	72.4945068359375
	85.14404296875	93.0999755859375	35.760498046875
	45.44677734375	41.6168212890625	12.738037109375
	64.5782470703125	31.16455078125	61.895751953125
	37.7716064453125	77.3773193359375	92.5445556640625
	88.006591796875	99.9847412109375	55.2276611328125
	7.122802734375	75.079345703125	20.758056640625
	23.681640625	79.1534423828125	17.626953125
	44.732666015625	14.306640625	67.5018310546875
	28.363037109375	15.83251953125	99.0692138671875
	94.9798583984375	72.6959228515625	86.3311767578125
	25.7110595703125	54.74853515625	11.9964599609375
	99.51171875	32.1990966796875	79.4403076171875
	58.782958984375	36.60888671875	68.4234619140625
	88.5650634765625	96.954345703125	68.6309814453125
	3.2501220703125	79.8858642578125	70.17822265625
	3.6865234375	45.0225830078125	80.35888671875
	91.5771484375	70.4376220703125	53.6956787109375
	22.27783203125	77.8076171875	28.3203125
	72.6898193359375	60.211181640625	60.711669921875
	45.15380859375	58.5723876953125	94.42138671875
	79.6051025390625	32.72705078125	36.7462158203125
	16.3177490234375	7.354736328125	81.060791015625
	61.2274169921875	41.6412353515625	13.4033203125
	81.9000244140625	6.646728515625	46.9390869140625
	16.7877197265625	82.0831298828125	70.60546875
	75.0030517578125	32.3455810546875	57.452392578125
	14.508056640625	24.86572265625	63.2171630859375
	47.8546142578125	21.002197265625	92.0074462890625
	42.7459716796875	43.9361572265625	96.124267578125
	74.3682861328125	78.924560546875	66.302490234375
	94.3328857421875	9.8052978515625	4.50439453125
	27.6824951171875	94.476318359375	60.638427734375
	85.894775390625	18.731689453125	4.901123046875
	10.87646484375	93.9849853515625	8.10546875
	25.750732421875	91.76025390625	89.971923828125
	97.3876953125	46.6552734375	1.2603759765625
	29.4097900390625	21.5576171875	7.855224609375
	33.1451416015625	37.481689453125	35.552978515625
	2.9632568359375	81.2408447265625	58.7493896484375
	77.6397705078125	51.434326171875	34.503173828125
	34.38720703125	50.1129150390625	18.8812255859375
	28.558349609375	10.1165771484375	8.038330078125
	13.385009765625	69.2840576171875	27.9144287109375
	96.6278076171875	35.90087890625	94.1070556640625
	4.6478271484375	27.850341796875	12.8753662109375
	86.627197265625	50.7171630859375	36.9354248046875
	89.2364501953125	10.1470947265625	31.9061279296875
	9.4085693359375	9.85107421875	75.8270263671875
	27.4871826171875	19.207763671875	67.578125
	10.992431640625	87.7593994140625	68.6126708984375
	46.063232421875	43.2830810546875	44.1192626953125
	70.526123046875	35.36376953125	66.2322998046875
	74.786376953125	63.763427734375	48.5748291015625
	1.94091796875	79.3365478515625	1.983642578125
	17.535400390625	26.4190673828125	65.1458740234375
	6.878662109375	95.7763671875	73.2635498046875
	98.846435546875	26.239013671875	46.81396484375
	81.2774658203125	25.98876953125	87.530517578125
	45.9136962890625	1.666259765625	11.962890625
	87.603759765625	73.4649658203125	30.413818359375
	7.3394775390625	9.16748046875	28.082275390625
	81.488037109375	90.75927734375	4.62646484375
	37.554931640625	66.50390625	92.48046875
	37.9486083984375	95.7672119140625	96.4324951171875
	51.708984375	25.1556396484375	3.7322998046875
	71.014404296875	10.8551025390625	64.0655517578125
	42.840576171875	71.5179443359375	99.81689453125
	93.93310546875	58.4716796875	22.393798828125
	13.446044921875	75.579833984375	82.0770263671875
	37.542724609375	35.272216796875	32.6690673828125
	69.86083984375	16.7694091796875	10.6781005859375
	44.7357177734375	86.1907958984375	8.0352783203125
	22.5799560546875	32.6080322265625	9.857177734375
	1.177978515625	72.7996826171875	26.806640625
	91.32080078125	68.695068359375	22.2015380859375
	59.6221923828125	39.0472412109375	19.232177734375
	92.7734375	71.4080810546875	63.0706787109375
	79.364013671875	84.7076416015625	71.783447265625
	53.9215087890625	69.354248046875	11.6790771484375
	46.331787109375	25.01220703125	88.46435546875
	7.4005126953125	49.4384765625	96.6400146484375
	75.4608154296875	6.585693359375	73.8800048828125
	49.70703125	59.9578857421875	53.466796875
	37.7960205078125	27.2918701171875	70.1751708984375
	40.9576416015625	79.681396484375	12.2100830078125
	12.8021240234375	33.6181640625	1.98974609375
	58.6639404296875	90.52734375	77.532958984375
	54.0252685546875	6.1065673828125	72.900390625
	50.2227783203125	94.6746826171875	53.50341796875
	86.151123046875	53.72314453125	25.6927490234375
	22.00927734375	37.554931640625	3.9581298828125
	36.090087890625	84.295654296875	40.0054931640625
	19.5068359375	48.2818603515625	88.5772705078125
	52.4169921875	62.939453125	6.6436767578125
	55.5084228515625	1.5533447265625	37.8021240234375
	99.03564453125	76.0406494140625	0.9429931640625
	94.3756103515625	51.995849609375	88.3819580078125
	32.4798583984375	47.3785400390625	90.167236328125
	62.20703125	6.353759765625	58.6883544921875
	0.62255859375	68.17626953125	64.9017333984375
	88.2354736328125	92.6910400390625	60.980224609375
	46.0723876953125	66.1773681640625	93.9117431640625
	53.9398193359375	72.0489501953125	89.4989013671875
	72.75390625	13.3758544921875	78.6956787109375
	96.1395263671875	28.7261962890625	50.7843017578125
	51.483154296875	19.8028564453125	40.4632568359375
	41.0369873046875	83.43505859375	78.5247802734375
	12.48779296875	44.64111328125	20.8038330078125
	0.189208984375	11.2030029296875	62.2528076171875
	12.066650390625	38.0645751953125	30.76171875
	99.5269775390625	25.8392333984375	79.498291015625
	79.4769287109375	70.465087890625	53.399658203125
	0.9246826171875	27.3223876953125	17.32177734375
	61.358642578125	72.25341796875	5.230712890625
	75.29296875	10.211181640625	63.8336181640625
	96.74072265625	60.015869140625	4.2724609375
	59.051513671875	12.677001953125	6.0516357421875
	88.720703125	25.738525390625	89.4561767578125
	34.4879150390625	59.3292236328125	49.4659423828125
	1.6326904296875	77.752685546875	0.5157470703125
	81.9244384765625	29.35791015625	39.7705078125
	17.333984375	7.4188232421875	71.331787109375
	19.62890625	77.0355224609375	80.6793212890625
	43.8690185546875	76.806640625	25.836181640625
	39.0838623046875	56.768798828125	66.1590576171875
	96.49658203125	42.413330078125	6.5155029296875
	20.7275390625	72.3419189453125	43.27392578125
	77.520751953125	10.565185546875	23.3673095703125
	41.3116455078125	92.0013427734375	55.609130859375
	80.0140380859375	24.334716796875	99.0753173828125
	20.8404541015625	60.302734375	49.47509765625
	43.798828125	71.74072265625	15.8721923828125
	67.5262451171875	6.6558837890625	18.2647705078125
	12.615966796875	43.5546875	54.2205810546875
	25.390625	11.4990234375	76.9256591796875
	91.5557861328125	18.4112548828125	65.2130126953125
	73.8922119140625	56.9976806640625	61.07177734375
	96.2493896484375	75.8087158203125	49.9603271484375
	34.674072265625	72.0672607421875	96.1700439453125
	32.354736328125	96.307373046875	42.9412841796875
	69.54345703125	94.281005859375	44.2779541015625
	58.1451416015625	65.545654296875	24.5941162109375
	68.8995361328125	26.068115234375	70.9808349609375
	76.9805908203125	16.78466796875	33.8897705078125
	93.2830810546875	72.16796875	46.6888427734375
	92.49267578125	88.348388671875	26.898193359375
	5.126953125	22.1466064453125	65.9149169921875
	50.2655029296875	99.8199462890625	44.6685791015625
	75.628662109375	98.08349609375	99.114990234375
	97.637939453125	26.8646240234375	25.8758544921875
	35.516357421875	36.3189697265625	45.4742431640625
	31.121826171875	41.44287109375	38.897705078125
	20.587158203125	25.384521484375	95.3369140625
	80.657958984375	44.5648193359375	26.9561767578125
	6.2286376953125	92.742919921875	99.23095703125
	14.6331787109375	14.9444580078125	71.087646484375
	91.534423828125	33.233642578125	39.9993896484375
	51.2115478515625	91.748046875	91.51611328125
	46.3714599609375	14.4012451171875	77.3284912109375
	43.109130859375	65.2313232421875	41.021728515625
	35.5621337890625	91.046142578125	42.7886962890625
	76.4801025390625	28.1219482421875	6.591796875
	46.3531494140625	25.531005859375	70.684814453125
	2.9296875	5.76171875	40.5120849609375
	30.6854248046875	54.364013671875	18.2647705078125
	19.17724609375	96.3775634765625	1.6571044921875
	95.025634765625	77.6824951171875	20.30029296875
	34.11865234375	77.349853515625	14.4378662109375
	90.283203125	89.0777587890625	0.7537841796875
	30.3741455078125	31.1279296875	59.375
	35.0067138671875	21.2860107421875	90.0604248046875
	49.468994140625	78.3050537109375	7.8826904296875
	9.1156005859375	70.81298828125	33.6334228515625
	19.1436767578125	37.53662109375	17.120361328125
	45.5108642578125	94.61669921875	87.3748779296875
	10.107421875	25.177001953125	21.319580078125
	85.33935546875	56.4117431640625	42.4285888671875
	70.7916259765625	24.08447265625	6.2408447265625
	12.127685546875	51.98974609375	66.0369873046875
	54.400634765625	53.6102294921875	45.6390380859375
	2.8717041015625	74.3499755859375	51.0406494140625
	35.626220703125	23.7884521484375	25.8758544921875
	92.87109375	3.11279296875	95.703125
	27.03857421875	18.548583984375	98.956298828125
	8.4747314453125	30.9661865234375	50.5462646484375
	60.0860595703125	88.287353515625	98.211669921875
	39.8895263671875	85.430908203125	32.3455810546875
	5.1910400390625	3.2684326171875	37.0635986328125
	67.950439453125	79.4097900390625	79.901123046875
	82.1533203125	89.14794921875	2.056884765625
	86.224365234375	41.3726806640625	74.0264892578125
	68.621826171875	96.5606689453125	59.3536376953125
	35.7879638671875	48.1292724609375	27.9205322265625
	62.872314453125	10.7666015625	31.6314697265625
	56.9793701171875	22.3236083984375	36.4532470703125
	10.60791015625	47.4578857421875	82.159423828125
	22.711181640625	75.8331298828125	15.9332275390625
	75.8880615234375	69.256591796875	77.410888671875
	14.288330078125	91.2689208984375	32.5836181640625
	36.5570068359375	56.8695068359375	1.3427734375
	95.3887939453125	49.749755859375	70.4864501953125
	26.8768310546875	41.6900634765625	75.909423828125
	95.42236328125	45.9136962890625	90.7379150390625
	47.20458984375	15.5059814453125	15.997314453125
	92.8009033203125	94.097900390625	45.4376220703125
	24.7161865234375	40.05126953125	25.30517578125
	53.45458984375	34.2010498046875	95.5474853515625
	53.2470703125	47.479248046875	35.1959228515625
	93.5638427734375	5.6182861328125	2.8594970703125
	76.30615234375	14.300537109375	13.7420654296875
	59.8480224609375	84.088134765625	86.14501953125
	18.3013916015625	68.927001953125	39.5782470703125
	18.5821533203125	83.0535888671875	12.1002197265625
	26.8768310546875	18.9300537109375	57.208251953125
	78.30810546875	19.4488525390625	95.9381103515625
	77.05078125	21.0540771484375	19.732666015625
	3.4698486328125	47.44873046875	76.3763427734375
	17.7032470703125	27.33154296875	93.85986328125
	69.3145751953125	83.984375	68.37158203125
	25.4791259765625	86.9720458984375	63.189697265625
	25.0396728515625	0.152587890625	46.2890625
	83.056640625	28.4332275390625	31.6650390625
	34.6923828125	45.0286865234375	33.0474853515625
	30.01708984375	51.69677734375	11.9293212890625
	16.2872314453125	15.374755859375	29.6356201171875
	58.3038330078125	89.923095703125	96.246337890625
	61.5875244140625	99.0966796875	76.544189453125
	52.55126953125	14.678955078125	62.274169921875
	54.217529296875	14.19677734375	56.8572998046875
	21.00830078125	22.4212646484375	75.787353515625
	75.244140625	51.0711669921875	92.364501953125
	38.09814453125	14.263916015625	29.0283203125
	54.901123046875	16.912841796875	11.5570068359375
	36.907958984375	29.0557861328125	9.8907470703125
	59.942626953125	88.8946533203125	44.3634033203125
	62.0574951171875	73.4161376953125	45.7763671875
	60.1318359375	20.550537109375	85.4217529296875
	32.6568603515625	74.7222900390625	19.2474365234375
	57.4554443359375	25.6561279296875	27.9937744140625
	83.9141845703125	26.141357421875	23.1475830078125
	50.067138671875	98.468017578125	66.9219970703125
	67.2149658203125	59.4635009765625	23.01025390625
	2.4627685546875	30.92041015625	63.812255859375
	4.248046875	33.92333984375	37.01171875
	66.19873046875	68.8934326171875	23.187255859375
	23.712158203125	30.328369140625	40.740966796875
	4.205322265625	23.193359375	7.5714111328125
	71.9635009765625	51.568603515625	68.389892578125
	79.0863037109375	29.302978515625	84.417724609375
	93.7164306640625	16.0614013671875	25.787353515625
	33.8409423828125	45.4071044921875	11.297607421875
	38.5589599609375	51.8707275390625	67.022705078125
	85.150146484375	3.4515380859375	90.2130126953125
	75.7659912109375	19.05517578125	26.9927978515625
	26.812744140625	95.269775390625	19.6990966796875
	6.365966796875	68.408203125	60.4461669921875
	66.9769287109375	98.0316162109375	7.1868896484375
	60.0189208984375	48.86474609375	25.604248046875
	59.6588134765625	32.3883056640625	36.3372802734375
	67.6025390625	65.8966064453125	80.438232421875
	1.4556884765625	15.72265625	77.2369384765625
	20.9197998046875	31.719970703125	44.2291259765625
	10.58349609375	34.0118408203125	43.85986328125
	81.1065673828125	97.4578857421875	28.7261962890625
	50.1495361328125	21.600341796875	5.8746337890625
	89.7369384765625	80.401611328125	74.774169921875
	63.2110595703125	21.295166015625	12.7349853515625
	83.6578369140625	58.1634521484375	53.8330078125
	16.259765625	9.7198486328125	49.9542236328125
	28.8787841796875	58.8104248046875	22.161865234375
	62.860107421875	27.94189453125	82.8338623046875
	82.7484130859375	94.25048828125	60.9344482421875
	2.57568359375	66.7755126953125	14.1815185546875
	79.827880859375	25.6591796875	10.7818603515625
	84.771728515625	33.0841064453125	52.2369384765625
	27.6458740234375	77.386474609375	26.5838623046875
	54.7760009765625	79.7027587890625	15.8172607421875
	6.573486328125	91.650390625	50.4791259765625
	23.565673828125	30.3436279296875	57.635498046875
	5.6884765625	3.33251953125	40.2130126953125
	24.4537353515625	84.1156005859375	26.8951416015625
	6.4605712890625	74.4781494140625	9.014892578125
	63.4185791015625	54.833984375	80.718994140625
	60.614013671875	24.4049072265625	44.23828125
	36.236572265625	0.4119873046875	53.3477783203125
	10.2569580078125	86.083984375	87.8265380859375
	38.24462890625	40.118408203125	64.9169921875
	79.876708984375	75.0885009765625	94.7235107421875
	93.39599609375	54.473876953125	60.44921875
	43.3837890625	36.492919921875	47.998046875
	41.30859375	26.8585205078125	76.849365234375
	47.7294921875	0.20751953125	14.3646240234375
	6.2957763671875	29.803466796875	3.90625
	70.1263427734375	88.6383056640625	83.294677734375
	93.621826171875	95.1446533203125	96.905517578125
	11.0595703125	45.00732421875	59.77783203125
	78.082275390625	47.9705810546875	75.9735107421875
	92.7642822265625	48.541259765625	87.1307373046875
	30.4931640625	42.3126220703125	73.2666015625
	54.7515869140625	16.497802734375	74.908447265625
	31.9549560546875	24.27978515625	26.0162353515625
	27.4169921875	25.201416015625	10.3912353515625
	15.6402587890625	78.13720703125	23.81591796875
	33.514404296875	75.506591796875	52.435302734375
	14.4439697265625	95.477294921875	64.825439453125
	28.564453125	44.6044921875	56.9091796875
	42.1966552734375	59.307861328125	20.245361328125
	57.025146484375	68.7255859375	75.0701904296875
	58.9996337890625	66.4306640625	12.139892578125
	84.033203125	52.191162109375	13.543701171875
	30.0140380859375	35.0067138671875	38.7786865234375
	75.274658203125	60.2081298828125	58.6151123046875
	44.3389892578125	72.6104736328125	96.6552734375
	52.398681640625	88.1988525390625	61.6790771484375
	78.631591796875	25.5218505859375	11.871337890625
	60.9619140625	71.636962890625	68.6431884765625
	31.8939208984375	5.267333984375	67.9901123046875
	64.6331787109375	70.2178955078125	67.0684814453125
	85.272216796875	5.718994140625	65.2557373046875
	35.8734130859375	90.753173828125	32.70263671875
	16.71142578125	96.20361328125	29.931640625
	61.8865966796875	67.333984375	94.854736328125
	87.274169921875	15.2984619140625	74.7161865234375
	38.02490234375	57.3333740234375	19.88525390625
	76.226806640625	8.94775390625	54.3212890625
	91.2628173828125	0.28076171875	46.66748046875
	38.2965087890625	67.6513671875	26.96533203125
	76.5716552734375	86.0809326171875	9.66796875
	51.2664794921875	33.30078125	85.0128173828125
	31.5093994140625	51.9073486328125	66.6656494140625
	77.6885986328125	79.2633056640625	19.0032958984375
	71.2127685546875	35.80322265625	21.875
	43.6248779296875	30.0201416015625	91.22314453125
	70.4376220703125	22.4090576171875	13.4033203125
	2.392578125	91.461181640625	80.3070068359375
	23.101806640625	84.2437744140625	29.6600341796875
	64.654541015625	22.637939453125	79.67529296875
	5.987548828125	13.6322021484375	44.378662109375
	0.79345703125	6.4422607421875	52.28271484375
	14.044189453125	17.9718017578125	27.3681640625
	19.1741943359375	83.154296875	24.9176025390625
	92.78564453125	76.861572265625	10.1806640625
	57.8094482421875	9.4329833984375	9.27734375
	80.8929443359375	96.6827392578125	75.1373291015625
	59.124755859375	8.624267578125	27.166748046875
	6.11572265625	8.4716796875	5.0445556640625
	90.68603515625	98.8494873046875	55.6060791015625
	62.0391845703125	1.263427734375	92.1661376953125
	91.3330078125	35.3759765625	57.0709228515625
	45.1202392578125	27.783203125	70.7489013671875
	24.8016357421875	96.3470458984375	82.89794921875
	62.80517578125	25.048828125	20.4559326171875
	73.7152099609375	87.8387451171875	96.7559814453125
	47.1435546875	21.5423583984375	0.7171630859375
	68.9178466796875	58.6181640625	22.1954345703125
	36.7095947265625	17.620849609375	30.963134765625
	84.375	8.80126953125	36.5631103515625
	35.0830078125	89.3707275390625	41.1651611328125
	99.1790771484375	62.835693359375	75.1312255859375
	29.3731689453125	40.484619140625	93.988037109375
	97.906494140625	67.9931640625	36.773681640625
	69.622802734375	74.554443359375	36.2091064453125
	11.309814453125	87.5946044921875	58.60595703125
	82.0404052734375	44.0765380859375	85.7147216796875
	53.2958984375	95.867919921875	13.8092041015625
	28.228759765625	14.5660400390625	13.7908935546875
	50.3387451171875	61.24267578125	47.3052978515625
	41.5283203125	25.4150390625	52.740478515625
	47.808837890625	39.4378662109375	60.1654052734375
	82.7667236328125	95.7122802734375	59.3017578125
	77.2308349609375	99.4598388671875	48.4222412109375
	73.4771728515625	75.7904052734375	6.4971923828125
	41.2322998046875	87.078857421875	57.5469970703125
	97.6470947265625	46.2127685546875	73.7701416015625
	81.82373046875	3.9825439453125	93.035888671875
	25.8392333984375	77.86865234375	69.4427490234375
	4.8248291015625	59.130859375	92.5323486328125
	20.318603515625	52.1636962890625	63.5009765625
	1.409912109375	44.3267822265625	78.40576171875
	39.4012451171875	61.5936279296875	44.8577880859375
	99.395751953125	11.2213134765625	34.1339111328125
	86.065673828125	30.7220458984375	58.0230712890625
	54.3731689453125	94.39697265625	45.654296875
	52.2552490234375	78.2440185546875	32.1746826171875
	16.827392578125	47.1343994140625	82.67822265625
	8.89892578125	44.891357421875	3.2562255859375
	48.2269287109375	45.8587646484375	27.1728515625
	95.1202392578125	2.03857421875	59.68017578125
	69.4854736328125	88.1256103515625	49.334716796875
	80.4718017578125	94.268798828125	26.72119140625
	71.453857421875	70.123291015625	48.114013671875
	24.322509765625	18.6370849609375	56.4727783203125
	61.822509765625	95.5841064453125	75.67138671875
	48.8739013671875	66.1651611328125	21.7071533203125
	28.50341796875	50.8758544921875	16.375732421875
	89.3585205078125	9.94873046875	35.552978515625
	28.61328125	93.865966796875	52.642822265625
	99.200439453125	81.4361572265625	47.271728515625
	27.3223876953125	58.9447021484375	85.4248046875
	81.927490234375	94.6075439453125	9.930419921875
	74.8687744140625	37.8143310546875	46.00830078125
	23.443603515625	55.7464599609375	3.033447265625
	64.4683837890625	12.6190185546875	93.8201904296875
	54.26025390625	67.78564453125	71.722412109375
	89.22119140625	10.2691650390625	92.0562744140625
	65.1702880859375	80.5877685546875	9.5001220703125
	8.929443359375	67.1356201171875	28.076171875
	73.4954833984375	97.7813720703125	57.501220703125
	87.97607421875	95.5230712890625	42.315673828125
	44.580078125	7.0770263671875	70.0531005859375
	4.6905517578125	55.224609375	14.84375
	28.6407470703125	80.3253173828125	82.9132080078125
	41.6168212890625	97.9034423828125	86.480712890625
	34.5123291015625	40.8721923828125	45.196533203125
	87.7593994140625	66.2689208984375	43.7347412109375
	27.5787353515625	11.6424560546875	49.6795654296875
	23.8311767578125	9.771728515625	57.1990966796875
	57.9010009765625	0.62255859375	66.6351318359375
	50.079345703125	13.250732421875	59.3414306640625
	35.8856201171875	46.9207763671875	86.505126953125
	15.6524658203125	36.602783203125	42.2821044921875
	88.5467529296875	3.1524658203125	19.195556640625
	81.2713623046875	45.0439453125	11.8804931640625
	62.4420166015625	30.9356689453125	94.757080078125
	55.889892578125	83.209228515625	13.57421875
	2.0843505859375	98.077392578125	74.5025634765625
	55.0872802734375	24.5208740234375	10.3363037109375
	37.4725341796875	51.4984130859375	25.6103515625
	97.222900390625	22.9644775390625	6.7626953125
	74.01123046875	61.1846923828125	48.2879638671875
	44.9737548828125	19.366455078125	37.5457763671875
	4.79736328125	50.1312255859375	85.504150390625
	77.3162841796875	21.91162109375	36.5631103515625
	71.6796875	6.01806640625	3.216552734375
	3.1280517578125	2.45361328125	36.5570068359375
	0.25634765625	74.35302734375	16.7877197265625
	64.3829345703125	39.6331787109375	81.597900390625
	37.0819091796875	22.9461669921875	69.0887451171875
	87.36572265625	8.6639404296875	27.6702880859375
	38.1072998046875	5.9417724609375	50.45166015625
	86.5020751953125	78.7506103515625	23.419189453125
	7.3516845703125	5.2032470703125	2.2979736328125
	70.2606201171875	45.0439453125	65.4876708984375
	77.337646484375	49.542236328125	77.7862548828125
	4.1290283203125	4.91943359375	73.9776611328125
	69.8333740234375	71.1761474609375	56.4208984375
	14.8529052734375	1.129150390625	95.4132080078125
	89.7003173828125	16.0003662109375	37.872314453125
	35.11962890625	9.24072265625	75.9521484375
	98.5931396484375	42.376708984375	85.8245849609375
	51.3519287109375	56.3629150390625	18.90869140625
	1.4190673828125	84.814453125	67.767333984375
	91.69921875	34.8907470703125	10.3057861328125
	69.244384765625	86.43798828125	54.1473388671875
	39.1815185546875	31.451416015625	26.94091796875
	30.3680419921875	80.035400390625	12.255859375
	38.6810302734375	39.910888671875	95.4437255859375
	98.980712890625	84.5489501953125	69.549560546875
	48.7548828125	80.5328369140625	10.9466552734375
	90.6646728515625	44.04296875	40.0482177734375
	32.3822021484375	17.9901123046875	12.353515625
	8.6669921875	32.647705078125	18.5638427734375
	47.3541259765625	71.051025390625	10.7269287109375
	86.48681640625	43.536376953125	63.3026123046875
	49.566650390625	49.1485595703125	40.07568359375
	53.89404296875	35.8062744140625	20.5047607421875
	23.47412109375	48.2025146484375	8.624267578125
	67.059326171875	92.1295166015625	7.33642578125
	65.7989501953125	2.1514892578125	35.9375
	21.8231201171875	5.1361083984375	74.224853515625
	34.04541015625	30.810546875	29.3548583984375
	64.6148681640625	23.9288330078125	27.40478515625
	92.5872802734375	60.5804443359375	44.8455810546875
	40.75927734375	16.6107177734375	19.122314453125
	8.843994140625	35.546875	54.901123046875
	87.2650146484375	2.4444580078125	19.451904296875
	32.7056884765625	94.4000244140625	72.0916748046875
	99.2767333984375	41.1865234375	82.32421875
	96.5362548828125	76.318359375	13.7969970703125
	88.61083984375	99.249267578125	21.6339111328125
	63.02490234375	48.9105224609375	3.99169921875
	21.783447265625	5.5816650390625	33.82568359375
	86.6912841796875	35.748291015625	54.2236328125
	85.9893798828125	26.7303466796875	53.5797119140625
	4.290771484375	72.96142578125	10.7421875
	97.4273681640625	93.0877685546875	21.5484619140625
	92.1295166015625	55.5938720703125	60.2386474609375
	49.2401123046875	59.3109130859375	90.2099609375
	87.1734619140625	58.28857421875	15.9149169921875
	9.1766357421875	43.804931640625	8.148193359375
	26.0223388671875	42.974853515625	20.574951171875
	31.8359375	27.5360107421875	16.9921875
	73.9776611328125	11.87744140625	66.876220703125
	59.991455078125	63.671875	81.439208984375
	58.06884765625	39.3218994140625	9.344482421875
	66.2841796875	19.378662109375	63.5162353515625
	45.4010009765625	33.1756591796875	90.606689453125
	42.90771484375	1.6326904296875	60.345458984375
	84.1766357421875	48.86474609375	88.018798828125
	95.660400390625	73.1414794921875	62.2833251953125
	11.70654296875	18.1121826171875	69.2108154296875
	51.9866943359375	4.376220703125	68.2403564453125
	93.963623046875	73.590087890625	88.0828857421875
	63.14697265625	96.343994140625	29.5501708984375
	57.67822265625	61.6943359375	19.5556640625
	80.9173583984375	7.9681396484375	95.5047607421875
	70.513916015625	51.5167236328125	83.740234375
	31.4483642578125	94.964599609375	15.1123046875
	80.743408203125	81.1614990234375	11.36474609375
	6.21337890625	75.775146484375	23.2757568359375
	6.7138671875	45.135498046875	14.0045166015625
	53.9764404296875	47.3907470703125	17.9290771484375
	31.6375732421875	31.488037109375	8.1817626953125
	1.861572265625	42.0654296875	30.145263671875
	72.5799560546875	76.9683837890625	63.604736328125
	69.6533203125	7.4981689453125	14.4256591796875
	16.9769287109375	35.162353515625	65.5426025390625
	82.2509765625	70.6329345703125	53.7933349609375
	17.926025390625	59.0484619140625	62.0452880859375
	43.24951171875	71.173095703125	96.3714599609375
	73.1231689453125	98.0865478515625	70.7611083984375
	20.34912109375	87.8387451171875	29.339599609375
	44.7723388671875	13.1927490234375	10.198974609375
	23.0682373046875	90.72265625	65.2008056640625
	70.7122802734375	33.4991455078125	58.69140625
	37.921142578125	99.45068359375	76.3397216796875
	33.837890625	29.034423828125	93.8232421875
	37.9119873046875	71.4813232421875	79.6722412109375
	59.2254638671875	65.765380859375	87.835693359375
	14.678955078125	50.640869140625	56.3079833984375
	59.5245361328125	56.5643310546875	93.37158203125
	5.181884765625	35.0341796875	3.680419921875
	10.9649658203125	35.92529296875	11.1785888671875
	13.2904052734375	38.519287109375	72.59521484375
	77.7435302734375	80.145263671875	49.4415283203125
	71.966552734375	83.416748046875	51.1932373046875
	73.834228515625	80.8929443359375	26.1383056640625
	67.05322265625	36.578369140625	34.5458984375
	20.9716796875	70.8526611328125	93.292236328125
	61.03515625	48.6602783203125	75.0946044921875
	92.2607421875	8.148193359375	37.9669189453125
	27.1484375	40.447998046875	57.763671875
	84.9090576171875	63.995361328125	1.77001953125
	43.5821533203125	62.066650390625	96.856689453125
	5.6854248046875	37.811279296875	21.026611328125
	16.3421630859375	94.2901611328125	22.4212646484375
	41.1163330078125	58.7127685546875	85.992431640625
	10.589599609375	27.587890625	23.91357421875
	83.9324951171875	33.97216796875	12.2772216796875
	85.9954833984375	7.2357177734375	61.407470703125
	60.0006103515625	86.5142822265625	73.25439453125
	64.7186279296875	33.6700439453125	51.6082763671875
	8.9080810546875	97.1710205078125	21.38671875
	23.291015625	19.256591796875	0.2838134765625
	78.515625	45.6573486328125	91.4093017578125
	4.5745849609375	87.97607421875	96.56982421875
	61.9232177734375	39.8712158203125	91.7755126953125
	5.5145263671875	25.799560546875	20.819091796875
	96.9970703125	48.1781005859375	15.2130126953125
	23.223876953125	9.295654296875	58.4228515625
	26.0772705078125	16.8121337890625	97.0703125
	48.27880859375	20.599365234375	70.0836181640625
	39.4378662109375	76.55029296875	83.935546875
	92.85888671875	61.090087890625	56.695556640625
	63.0645751953125	32.12890625	7.2296142578125
	44.5770263671875	66.0308837890625	86.8804931640625
	61.627197265625	96.734619140625	49.6307373046875
	57.4462890625	61.004638671875	39.776611328125
	73.7457275390625	95.1080322265625	8.8104248046875
	41.5313720703125	50.3662109375	67.46826171875
	41.5374755859375	24.5880126953125	65.4693603515625
	5.2947998046875	50.7171630859375	12.8509521484375
	1.9012451171875	46.435546875	13.6871337890625
	51.702880859375	41.3330078125	42.4072265625
	36.2762451171875	92.4468994140625	73.4527587890625
	43.3441162109375	60.5377197265625	81.6314697265625
	90.509033203125	26.837158203125	40.63720703125
	45.8648681640625	95.330810546875	86.4013671875
	40.0390625	12.786865234375	0.9521484375
	45.098876953125	53.0853271484375	58.7799072265625
	49.957275390625	9.9884033203125	4.1473388671875
	24.066162109375	31.6802978515625	33.038330078125
	27.410888671875	85.8245849609375	25.384521484375
	94.091796875	80.46875	29.925537109375
	47.5311279296875	71.5301513671875	94.8150634765625
	11.92626953125	31.3018798828125	16.27197265625
	16.3909912109375	47.955322265625	16.4306640625
	94.68994140625	39.288330078125	26.11083984375
	77.5604248046875	16.119384765625	85.736083984375
	78.9642333984375	69.158935546875	10.5621337890625
	35.5133056640625	7.8582763671875	15.1885986328125
	72.1954345703125	57.891845703125	99.554443359375
	21.6156005859375	34.33837890625	49.2462158203125
	25.91552734375	39.9017333984375	91.49169921875
	29.4525146484375	67.1966552734375	59.588623046875
	34.0576171875	0.20751953125	49.62158203125
	58.1207275390625	11.38916015625	18.37158203125
	37.8143310546875	86.0107421875	88.7969970703125
	87.4847412109375	72.75390625	15.484619140625
	14.09912109375	20.5841064453125	95.8587646484375
	30.7342529296875	59.393310546875	77.4078369140625
	49.8291015625	87.87841796875	53.62548828125
	29.1595458984375	96.881103515625	22.796630859375
	71.6278076171875	53.9398193359375	44.9615478515625
	34.930419921875	95.208740234375	15.9423828125
	22.625732421875	25.1800537109375	11.9476318359375
	31.585693359375	93.1640625	16.0430908203125
	67.29736328125	75.68359375	48.59619140625
	32.0831298828125	35.6536865234375	30.7647705078125
	74.1943359375	68.896484375	25.9765625
	32.6934814453125	24.1302490234375	28.67431640625
	87.6129150390625	15.704345703125	98.876953125
	50.47607421875	31.939697265625	9.97314453125
	64.9932861328125	13.3758544921875	35.455322265625
	94.8394775390625	7.928466796875	40.576171875
	39.9322509765625	60.8551025390625	58.4442138671875
	82.6202392578125	15.283203125	83.697509765625
	83.294677734375	7.830810546875	0.714111328125
	63.1561279296875	80.810546875	78.1097412109375
	89.8712158203125	30.279541015625	71.9635009765625
	38.2080078125	75.50048828125	75.799560546875
	27.5787353515625	96.5911865234375	19.366455078125
	2.972412109375	22.308349609375	26.0467529296875
	62.9241943359375	57.9681396484375	55.96923828125
	62.1246337890625	44.4976806640625	40.91796875
	32.91015625	27.5634765625	38.482666015625
	50.7415771484375	40.0054931640625	60.8306884765625
	82.2723388671875	66.9158935546875	13.885498046875
	76.861572265625	6.494140625	21.240234375
	38.0950927734375	38.177490234375	34.1888427734375
	62.8143310546875	60.711669921875	64.459228515625
	64.556884765625	69.2596435546875	73.1231689453125
	58.7371826171875	6.9244384765625	7.3944091796875
	40.5609130859375	78.2958984375	80.4901123046875
	96.4141845703125	25.0091552734375	28.4423828125
	45.5535888671875	76.763916015625	91.1224365234375
	7.2479248046875	81.7962646484375	37.774658203125
	35.791015625	79.3731689453125	79.248046875
	7.244873046875	31.9366455078125	7.1533203125
	57.6080322265625	56.0211181640625	27.2186279296875
	17.0013427734375	79.4677734375	20.7763671875
	88.22021484375	29.3182373046875	73.1475830078125
	98.065185546875	30.8074951171875	29.9713134765625
	30.682373046875	12.786865234375	27.191162109375
	11.53564453125	96.673583984375	14.202880859375
	30.4351806640625	62.3565673828125	13.555908203125
	2.5970458984375	6.903076171875	31.6009521484375
	38.9434814453125	39.752197265625	17.4102783203125
	48.42529296875	0.6683349609375	46.3104248046875
	37.5701904296875	23.3306884765625	5.1544189453125
	39.19677734375	58.0596923828125	9.9151611328125
	64.703369140625	12.1978759765625	55.3924560546875
	55.072021484375	59.4024658203125	12.8204345703125
	73.7945556640625	15.7928466796875	99.1607666015625
	18.5882568359375	8.88671875	70.7183837890625
	1.6387939453125	65.8477783203125	33.697509765625
	4.510498046875	51.5533447265625	34.2681884765625
	57.720947265625	93.2342529296875	57.11669921875
	40.0970458984375	59.5947265625	68.792724609375
	69.1192626953125	41.363525390625	84.0301513671875
	90.6585693359375	78.3538818359375	8.099365234375
	43.64013671875	2.8839111328125	57.0068359375
	60.7330322265625	16.253662109375	4.6356201171875
	59.5733642578125	29.7637939453125	78.387451171875
	12.31689453125	49.005126953125	39.8590087890625
	65.4571533203125	41.412353515625	63.665771484375
	71.49658203125	99.3743896484375	86.187744140625
	90.72265625	3.240966796875	74.1668701171875
	25.3662109375	61.6363525390625	87.85400390625
	40.19775390625	31.9091796875	35.302734375
	65.277099609375	77.691650390625	15.0177001953125
	84.5611572265625	65.6829833984375	0.091552734375
	72.491455078125	51.617431640625	5.6671142578125
	77.9571533203125	81.549072265625	88.0462646484375
	30.755615234375	23.9990234375	6.28662109375
	44.989013671875	7.293701171875	29.833984375
	49.8138427734375	29.168701171875	16.9097900390625
	95.166015625	29.278564453125	90.3656005859375
	56.6131591796875	39.95361328125	1.85546875
	55.938720703125	97.698974609375	40.203857421875
	19.8272705078125	78.0548095703125	6.5582275390625
	78.0487060546875	42.919921875	9.246826171875
	80.5267333984375	46.6766357421875	85.94970703125
	71.9024658203125	1.9073486328125	0.787353515625
	29.98046875	37.322998046875	63.2781982421875
	93.17626953125	75.0732421875	80.0018310546875
	67.19970703125	88.0767822265625	62.7471923828125
	22.686767578125	53.4820556640625	91.89453125
	46.3134765625	37.9119873046875	57.1044921875
	91.9219970703125	37.176513671875	21.5972900390625
	49.9298095703125	43.7164306640625	5.230712890625
	4.3365478515625	69.3267822265625	97.7264404296875
	61.4959716796875	16.009521484375	86.8316650390625
	5.7861328125	1.0955810546875	69.3450927734375
	19.9859619140625	98.138427734375	34.716796875
	78.033447265625	40.447998046875	71.5850830078125
	86.6668701171875	75.0701904296875	81.5185546875
	79.376220703125	87.6556396484375	46.875
	98.22998046875	63.51318359375	40.4388427734375
	48.907470703125	83.0596923828125	20.0408935546875
	86.431884765625	18.29833984375	90.4693603515625
	37.969970703125	51.4190673828125	49.224853515625
	73.3367919921875	2.471923828125	98.504638671875
	46.5728759765625	84.4329833984375	2.9327392578125
	66.39404296875	23.5626220703125	46.0601806640625
	36.5478515625	21.1761474609375	58.9324951171875
	40.9942626953125	48.0194091796875	99.6856689453125
	79.33349609375	27.813720703125	96.03271484375
	72.6104736328125	82.525634765625	33.795166015625
	87.0941162109375	5.4290771484375	67.0318603515625
	28.448486328125	67.401123046875	45.3521728515625
	83.8653564453125	30.865478515625	13.3209228515625
	12.3291015625	75.933837890625	53.9642333984375
	11.1541748046875	22.3297119140625	20.7855224609375
	38.7786865234375	66.7510986328125	20.928955078125
	42.2943115234375	81.9122314453125	35.662841796875
	55.3955078125	6.9000244140625	9.2803955078125
	14.404296875	63.3758544921875	70.068359375
	99.273681640625	83.489990234375	6.31103515625
	88.5467529296875	8.441162109375	42.840576171875
	25.6866455078125	64.0899658203125	2.862548828125
	30.2154541015625	50.2838134765625	34.234619140625
	48.2879638671875	63.2476806640625	32.5164794921875
	75.7904052734375	62.2100830078125	95.770263671875
	41.9830322265625	36.6241455078125	80.950927734375
	29.0069580078125	94.4122314453125	61.407470703125
	44.9462890625	68.26171875	44.0399169921875
	26.9439697265625	55.291748046875	65.777587890625
	17.6025390625	52.6641845703125	4.7119140625
	40.2984619140625	18.0755615234375	1.971435546875
	36.065673828125	14.0777587890625	76.23291015625
	40.00244140625	31.5277099609375	57.8277587890625
	78.2135009765625	63.4796142578125	85.540771484375
	84.3597412109375	47.15576171875	68.2586669921875
	64.697265625	81.4453125	7.0953369140625
	70.1812744140625	7.6507568359375	24.5849609375
	7.183837890625	44.88525390625	68.1976318359375
	60.2508544921875	34.3994140625	2.1881103515625
	54.638671875	0.3082275390625	92.85888671875
	60.6475830078125	68.5638427734375	18.15185546875
	77.850341796875	37.9669189453125	96.17919921875
	87.2528076171875	22.71728515625	22.8240966796875
	55.2825927734375	52.7008056640625	46.734619140625
	43.7896728515625	51.0406494140625	76.385498046875
	82.0587158203125	0.9185791015625	43.6798095703125
	46.4263916015625	7.928466796875	75.68359375
	81.21337890625	91.5008544921875	70.20263671875
	84.8480224609375	0.323486328125	90.6585693359375
	14.39208984375	93.890380859375	48.553466796875
	19.293212890625	10.26611328125	55.6610107421875
	30.89599609375	21.8536376953125	96.2066650390625
	89.8162841796875	33.9263916015625	51.94091796875
	21.417236328125	68.7347412109375	30.596923828125
	70.428466796875	14.080810546875	25.482177734375
	18.8385009765625	42.1844482421875	53.6529541015625
	49.4781494140625	97.03369140625	22.08251953125
	75.360107421875	85.4827880859375	29.5867919921875
	70.8892822265625	85.0555419921875	1.5289306640625
	5.6060791015625	91.6351318359375	12.554931640625
	41.4337158203125	43.902587890625	27.1514892578125
	81.5643310546875	27.4749755859375	47.3968505859375
	9.33837890625	24.3438720703125	28.9306640625
	60.0738525390625	0.848388671875	19.2291259765625
	62.0330810546875	29.571533203125	19.7235107421875
	79.1015625	36.99951171875	28.6041259765625
	87.7349853515625	68.9971923828125	17.767333984375
	38.2598876953125	92.913818359375	80.9051513671875
	10.04638671875	46.3531494140625	7.0159912109375
	43.95751953125	43.29833984375	63.9495849609375
	48.4619140625	98.052978515625	62.31689453125
	13.165283203125	31.4239501953125	9.1217041015625
	93.9849853515625	89.3798828125	91.6717529296875
	54.0802001953125	4.84619140625	51.0101318359375
	29.791259765625	53.6773681640625	15.142822265625
	39.923095703125	62.4298095703125	81.2774658203125
	84.9090576171875	85.6414794921875	22.1466064453125
	25.76904296875	37.750244140625	96.484375
	96.5423583984375	36.6973876953125	37.97607421875
	90.716552734375	47.2686767578125	29.742431640625
	86.6424560546875	70.892333984375	99.5391845703125
	80.6793212890625	52.1759033203125	94.4549560546875
	42.779541015625	85.931396484375	1.2115478515625
	43.780517578125	33.0291748046875	17.864990234375
	45.2239990234375	48.7579345703125	37.7288818359375
	52.9144287109375	68.621826171875	64.9932861328125
	13.51318359375	0.7080078125	53.9031982421875
	60.8673095703125	57.647705078125	12.274169921875
	69.5068359375	16.455078125	23.7091064453125
	95.489501953125	35.99853515625	87.506103515625
	42.156982421875	15.8721923828125	36.1724853515625
	37.58544921875	36.3983154296875	10.845947265625
	84.759521484375	91.50390625	75.018310546875
	95.6146240234375	23.3001708984375	13.1683349609375
	50.726318359375	88.7664794921875	55.8502197265625
	60.9527587890625	26.727294921875	35.711669921875
	91.143798828125	23.7548828125	41.0614013671875
	58.1207275390625	6.79931640625	90.8355712890625
	9.5977783203125	7.4432373046875	1.2451171875
	58.5540771484375	18.2952880859375	50.67138671875
	48.9593505859375	27.1759033203125	45.318603515625
	66.436767578125	24.6337890625	90.814208984375
	3.6895751953125	79.5928955078125	11.9537353515625
	73.6785888671875	45.050048828125	12.4114990234375
	62.5213623046875	15.7257080078125	15.19775390625
	80.48095703125	20.635986328125	60.8642578125
	1.995849609375	11.468505859375	79.510498046875
	50.8026123046875	66.2933349609375	14.8681640625
	84.539794921875	77.7130126953125	96.478271484375
	80.8349609375	49.3011474609375	98.7762451171875
	77.2918701171875	36.2518310546875	99.8291015625
	65.802001953125	13.519287109375	36.14501953125
	12.8875732421875	72.98583984375	99.1943359375
	18.5882568359375	63.7603759765625	75.958251953125
	72.9278564453125	1.1932373046875	49.2706298828125
	85.2691650390625	50.0030517578125	47.3297119140625
	1.617431640625	87.384033203125	71.8536376953125
	80.21240234375	58.648681640625	96.356201171875
	63.5467529296875	72.930908203125	6.1920166015625
	89.2974853515625	39.892578125	92.626953125
	58.1268310546875	28.7506103515625	50.823974609375
	26.8585205078125	89.7125244140625	25.0946044921875
	6.646728515625	70.3338623046875	89.923095703125
	42.132568359375	73.81591796875	0.1190185546875
	48.3062744140625	98.956298828125	81.8145751953125
	17.449951171875	42.0684814453125	71.2371826171875
	31.8206787109375	84.2620849609375	38.958740234375
	45.025634765625	47.7508544921875	32.586669921875
	81.610107421875	26.25732421875	60.29052734375
	74.908447265625	68.951416015625	59.0179443359375
	64.5751953125	93.6279296875	0.3082275390625
	55.7281494140625	42.1356201171875	37.75634765625
	97.8302001953125	92.376708984375	87.713623046875
	4.9652099609375	72.8546142578125	71.9085693359375
	31.57958984375	37.1002197265625	51.8524169921875
	8.9080810546875	98.004150390625	7.2998046875
	27.5604248046875	38.6932373046875	90.4693603515625
	26.8463134765625	50.93994140625	3.936767578125
	44.268798828125	49.8748779296875	29.571533203125
	21.9818115234375	37.1124267578125	4.0283203125
	48.1292724609375	85.9161376953125	98.3795166015625
	25.262451171875	76.5533447265625	2.581787109375
	7.6019287109375	24.8260498046875	81.53076171875
	20.6024169921875	22.8515625	66.6290283203125
	6.92138671875	51.59912109375	29.638671875
	83.074951171875	38.775634765625	37.6739501953125
	50.9185791015625	7.4859619140625	20.52001953125
	68.32275390625	8.8775634765625	51.2786865234375
	33.9752197265625	99.8779296875	79.0985107421875
	3.96728515625	11.834716796875	80.6182861328125
	27.7313232421875	84.1461181640625	97.1710205078125
	34.6710205078125	72.2900390625	19.59228515625
	15.6982421875	7.818603515625	56.7169189453125
	84.5794677734375	76.287841796875	28.35693359375
	81.3323974609375	72.5341796875	65.4876708984375
	86.1114501953125	78.277587890625	32.2021484375
	51.580810546875	82.7392578125	73.101806640625
	45.379638671875	63.836669921875	56.4422607421875
	23.10791015625	74.383544921875	62.603759765625
	34.2437744140625	73.0712890625	57.3944091796875
	65.826416015625	14.8895263671875	18.9849853515625
	79.736328125	47.6470947265625	35.5743408203125
	20.41015625	99.298095703125	74.69482421875
	25.5584716796875	52.105712890625	54.1473388671875
	95.7000732421875	99.84130859375	35.5377197265625
	30.5206298828125	50.042724609375	95.977783203125
	40.8905029296875	19.281005859375	10.8978271484375
	7.2113037109375	0.2197265625	38.970947265625
	28.5369873046875	14.9932861328125	22.3419189453125
	53.6041259765625	89.4805908203125	74.0509033203125
	50.1373291015625	63.3026123046875	57.098388671875
	53.1402587890625	50.8453369140625	95.9014892578125
	9.2437744140625	84.5489501953125	79.974365234375
	77.679443359375	38.6322021484375	25.555419921875
	9.5123291015625	11.2884521484375	31.4910888671875
	84.881591796875	60.9832763671875	39.044189453125
	90.203857421875	17.3553466796875	34.014892578125
	19.7174072265625	15.4815673828125	39.83154296875
	71.0693359375	96.8780517578125	13.7603759765625
	71.533203125	48.8922119140625	87.01171875
	45.39794921875	51.94091796875	37.371826171875
	65.46630859375	79.327392578125	39.337158203125
	16.39404296875	78.3721923828125	69.7845458984375
	43.1488037109375	91.339111328125	58.673095703125
	20.7122802734375	93.1854248046875	97.8118896484375
	74.3865966796875	53.509521484375	98.9349365234375
	36.3037109375	87.200927734375	43.7042236328125
	2.0263671875	27.2979736328125	49.5574951171875
	42.2119140625	74.9542236328125	27.5665283203125
	18.34716796875	46.783447265625	69.25048828125
	98.1903076171875	13.3056640625	39.263916015625
	66.1773681640625	64.971923828125	98.2879638671875
	54.3182373046875	33.0810546875	61.85302734375
	13.4979248046875	95.208740234375	38.543701171875
	97.9827880859375	36.834716796875	62.274169921875
	29.4464111328125	39.00146484375	2.45361328125
	9.72900390625	23.0804443359375	43.26171875
	54.693603515625	96.4111328125	17.39501953125
	43.51806640625	65.4632568359375	46.09375
	72.5677490234375	14.75830078125	93.243408203125
	82.99560546875	66.9647216796875	18.798828125
	11.80419921875	58.111572265625	80.657958984375
	66.2628173828125	86.7889404296875	31.9915771484375
	9.5855712890625	86.5631103515625	28.2562255859375
	29.5806884765625	63.5284423828125	46.5118408203125
	97.3388671875	32.769775390625	50.970458984375
	8.2000732421875	95.1202392578125	26.2481689453125
	4.022216796875	66.7510986328125	11.865234375
	62.31689453125	46.49658203125	58.58154296875
	64.7247314453125	60.260009765625	58.2794189453125
	80.810546875	2.0599365234375	5.9234619140625
	39.1082763671875	12.3992919921875	2.45361328125
	67.108154296875	24.8931884765625	77.69775390625
	46.61865234375	90.4052734375	59.698486328125
	42.987060546875	90.252685546875	95.098876953125
	76.5289306640625	86.6607666015625	15.997314453125
	29.7882080078125	90.00244140625	33.6578369140625
	92.645263671875	7.293701171875	54.0863037109375
	94.7784423828125	19.6746826171875	83.5296630859375
	87.98828125	1.5167236328125	85.260009765625
	95.95947265625	23.3306884765625	77.020263671875
	15.9149169921875	27.20947265625	75.7476806640625
	33.8043212890625	45.8282470703125	9.5367431640625
	94.0277099609375	38.8519287109375	84.0545654296875
	35.72998046875	89.8895263671875	36.71875
	7.7117919921875	92.07763671875	1.593017578125
	71.2860107421875	59.2376708984375	79.034423828125
	94.42138671875	96.7437744140625	75.91552734375
	35.2081298828125	51.23291015625	18.4814453125
	29.7088623046875	30.2947998046875	56.15234375
	54.473876953125	5.6060791015625	42.5750732421875
	24.5758056640625	57.806396484375	96.5545654296875
	86.6241455078125	82.5714111328125	90.948486328125
	43.121337890625	6.8084716796875	48.8250732421875
	92.4224853515625	95.9930419921875	2.2735595703125
	22.25341796875	26.4739990234375	29.486083984375
	98.9593505859375	28.3935546875	56.365966796875
	84.11865234375	34.3414306640625	27.728271484375
	31.9580078125	66.436767578125	70.4681396484375
	39.0350341796875	32.1258544921875	84.1827392578125
	0.9735107421875	80.8929443359375	52.734375
	44.927978515625	67.61474609375	84.503173828125
	80.7098388671875	96.3470458984375	52.06298828125
	80.8929443359375	44.8883056640625	36.1541748046875
	58.45947265625	15.6829833984375	84.2376708984375
	69.95849609375	52.4566650390625	94.5068359375
	24.090576171875	45.0531005859375	72.3114013671875
	12.225341796875	1.0101318359375	38.31787109375
	77.667236328125	69.049072265625	26.9195556640625
	26.3458251953125	51.6754150390625	26.6998291015625
	33.0963134765625	15.9271240234375	22.052001953125
	7.7484130859375	84.698486328125	63.018798828125
	16.7022705078125	91.22314453125	6.3995361328125
	58.2794189453125	19.5465087890625	7.6507568359375
	9.808349609375	7.373046875	42.15087890625
	86.6119384765625	63.24462890625	84.1033935546875
	76.837158203125	59.99755859375	94.5343017578125
	84.5184326171875	46.826171875	74.0142822265625
	67.449951171875	60.1409912109375	19.0948486328125
	13.1317138671875	22.3785400390625	58.3953857421875
	95.550537109375	89.056396484375	21.9085693359375
	48.4130859375	48.150634765625	97.869873046875
	91.8975830078125	60.29052734375	13.5986328125
	98.4710693359375	98.675537109375	15.9759521484375
	13.22021484375	15.4052734375	53.0242919921875
	79.852294921875	13.6688232421875	19.2596435546875
	81.5216064453125	7.1990966796875	94.0887451171875
	87.6983642578125	55.8990478515625	18.6065673828125
	35.321044921875	0.311279296875	21.038818359375
	78.521728515625	96.832275390625	70.3582763671875
	12.20703125	5.975341796875	96.9390869140625
	66.5557861328125	2.2003173828125	95.7183837890625
	62.005615234375	28.0426025390625	68.98193359375
	77.783203125	60.1806640625	25.6072998046875
	24.4476318359375	93.6767578125	85.3546142578125
	72.3480224609375	94.9615478515625	17.28515625
	6.9244384765625	36.8865966796875	94.2657470703125
	98.64501953125	51.01318359375	62.1978759765625
	79.400634765625	58.673095703125	28.7384033203125
	43.2830810546875	30.2581787109375	13.0096435546875
	77.2125244140625	66.7236328125	43.3990478515625
	53.0914306640625	28.82080078125	65.283203125
	80.731201171875	62.56103515625	74.481201171875
	90.673828125	63.73291015625	97.1649169921875
	36.4501953125	57.6141357421875	53.7689208984375
	6.25	16.34521484375	62.29248046875
	9.1888427734375	23.9959716796875	33.953857421875
	28.3843994140625	59.8052978515625	8.4686279296875
	22.5372314453125	83.7158203125	89.3768310546875
	56.6925048828125	96.148681640625	20.7275390625
	66.7205810546875	73.79150390625	54.693603515625
	43.8568115234375	16.07666015625	24.3804931640625
	42.291259765625	56.9366455078125	67.3919677734375
	44.27490234375	24.566650390625	93.7957763671875
	77.0538330078125	40.72265625	0.543212890625
	45.10498046875	59.80224609375	59.19189453125
	14.7125244140625	84.6771240234375	22.3846435546875
	44.9249267578125	84.9212646484375	48.2757568359375
	39.5904541015625	77.313232421875	11.712646484375
	68.10302734375	63.2965087890625	5.267333984375
	84.7381591796875	16.0736083984375	5.1483154296875
	61.6729736328125	51.8585205078125	59.0057373046875
	83.4930419921875	85.0982666015625	66.571044921875
	78.8482666015625	75.1922607421875	26.824951171875
	79.376220703125	61.0626220703125	62.969970703125
	71.3714599609375	88.7115478515625	4.315185546875
	18.841552734375	48.6175537109375	17.10205078125
	54.5654296875	14.3585205078125	65.6494140625
	28.106689453125	16.69921875	98.193359375
	36.46240234375	49.7161865234375	46.8231201171875
	31.75048828125	37.6251220703125	19.8272705078125
	78.363037109375	23.4039306640625	68.0816650390625
	19.4183349609375	85.052490234375	52.0111083984375
	41.1285400390625	9.014892578125	33.97216796875
	20.2728271484375	86.7950439453125	34.149169921875
	31.7596435546875	28.6346435546875	92.6544189453125
	15.3350830078125	17.1051025390625	10.308837890625
	61.273193359375	88.287353515625	2.642822265625
	18.048095703125	12.36572265625	9.92431640625
	19.4183349609375	3.3172607421875	7.806396484375
	95.849609375	66.973876953125	78.448486328125
	27.6214599609375	4.8614501953125	22.2747802734375
	2.4688720703125	75.0732421875	36.199951171875
	10.491943359375	81.1370849609375	38.983154296875
	55.0933837890625	90.887451171875	21.8963623046875
	91.3970947265625	12.249755859375	60.7940673828125
	34.332275390625	48.73046875	72.918701171875
	30.9600830078125	16.748046875	74.5208740234375
	21.1578369140625	75.2288818359375	19.512939453125
	51.8890380859375	54.913330078125	7.8277587890625
	25.7843017578125	3.875732421875	37.5396728515625
	91.2750244140625	40.240478515625	89.7308349609375
	21.4019775390625	28.1005859375	26.4495849609375
	55.328369140625	9.1644287109375	39.4561767578125
	83.4869384765625	65.789794921875	68.4051513671875
	83.795166015625	2.447509765625	98.468017578125
	65.167236328125	18.6981201171875	93.45703125
	24.3988037109375	32.09228515625	58.9874267578125
	23.8250732421875	56.35986328125	36.737060546875
	34.2559814453125	57.9345703125	91.6717529296875
	65.728759765625	98.944091796875	39.5477294921875
	27.8167724609375	90.338134765625	98.0712890625
	7.086181640625	79.0557861328125	29.1473388671875
	41.766357421875	82.574462890625	72.15576171875
	73.3978271484375	91.6900634765625	24.8077392578125
	49.31640625	90.673828125	12.5274658203125
	87.43896484375	56.4727783203125	72.515869140625
	91.6290283203125	72.54638671875	45.0653076171875
	41.6107177734375	79.925537109375	20.3369140625
	65.4083251953125	84.173583984375	57.2906494140625
	25.6256103515625	79.78515625	23.162841796875
	75.408935546875	21.6796875	73.4039306640625
	97.9217529296875	81.3323974609375	22.0794677734375
	91.326904296875	65.9088134765625	74.81689453125
	61.199951171875	79.4830322265625	92.1051025390625
	2.569580078125	23.974609375	57.9376220703125
	41.748046875	42.5384521484375	5.5145263671875
	4.4952392578125	42.0379638671875	81.3690185546875
	91.24755859375	76.776123046875	28.3538818359375
	38.134765625	98.199462890625	50.9033203125
	40.73486328125	37.5213623046875	68.017578125
	4.91943359375	86.1236572265625	85.48583984375
	52.3834228515625	25.0396728515625	32.0953369140625
	50.6500244140625	81.43310546875	62.8936767578125
	47.6348876953125	4.43115234375	55.810546875
	21.8658447265625	56.6162109375	23.101806640625
	52.984619140625	0.6683349609375	19.6044921875
	4.9072265625	88.427734375	72.247314453125
